0	0.928571428571429	0.535714285714286	0.718750000000000	0.484126984126984
0.428571428571429	0	0.489795918367347	0.781250000000000	0.730158730158730
0.687500000000000	0.678571428571429	0	0.566964285714286	0.698412698412698
0.464285714285714	0.607142857142857	0.459183673469388	0	0.519841269841270
0.500000000000000	0.714285714285714	0.479591836734694	0.566964285714286	0

left
0	0.857142857142857	0.500000000000000	0.627272727272727	0.549549549549550
0.489795918367347	0	0.641975308641975	0.697916666666667	0.714285714285714
0.578947368421053	0.750000000000000	0	0.760416666666667	0.810000000000000
0.531914893617021	0.791666666666667	0.626506024096386	0	0.754716981132076
0.500000000000000	0.692307692307692	0.589473684210526	0.728260869565217	0

right
0	0.535714285714286	0.511363636363636	0.481818181818182	0.495495495495496
0.489795918367347	0	0.530864197530864	0.479166666666667	0.517857142857143
0.421052631578947	0.333333333333333	0	0.447916666666667	0.540000000000000
0.489361702127660	0.666666666666667	0.518072289156627	0	0.500000000000000
0.500000000000000	0.500000000000000	0.452631578947368	0.510869565217391	0