0	0.875000000000000	0.683673469387755	0.571428571428571	0.888888888888889
0.696428571428571	0	0.474489795918367	0.647321428571429	0.416666666666667
0.544642857142857	0.785714285714286	0	0.495535714285714	0.742063492063492
0.705357142857143	0.821428571428571	0.540816326530612	0	0.623015873015873
0.544642857142857	0.892857142857143	0.505102040816327	0.464285714285714	0

left
0	0.840000000000000	0.716666666666667	0.742857142857143	0.649484536082474
0.612903225806452	0	0.600000000000000	0.736842105263158	0.716981132075472
0.605263157894737	0.809523809523810	0	0.662790697674419	0.836538461538462
0.621621621621622	0.760000000000000	0.637500000000000	0	0.772277227722772
0.477272727272727	0.769230769230769	0.637362637362637	0.658823529411765	0

right
0	0.680000000000000	0.600000000000000	0.485714285714286	0.515463917525773
0.451612903225807	0	0.564705882352941	0.473684210526316	0.471698113207547
0.526315789473684	0.523809523809524	0	0.476744186046512	0.519230769230769
0.621621621621622	0.680000000000000	0.525000000000000	0	0.485148514851485
0.545454545454545	0.538461538461538	0.472527472527473	0.470588235294118	0