D < denominator/4
0	0.8750	0.4949	0.5223	0.8135
0.4375	0	0.6224	0.7634	0.7579
0.5446	0.2857	0	0.5446	0.4881
0.4911	0.8571	0.4949	0	0.5397
0.5446	0.2321	0.4541	0.5491	0

left
0	0.733333333333333	0.442857142857143	0.537634408602151	0.519083969465649
0.4146	0	0.600000000000000	0.644736842105263	0.575757575757576
0.714285714285714	0.666666666666667	0	0.660000000000000	0.530612244897959
0.481481481481482	0.692307692307692	0.581395348837209	0	0.558139534883721
0.500000000000000	0.636363636363636	0.517241379310345	0.654545454545455	0

right
0	0.733333333333333	0.471428571428571	0.526881720430108	0.519083969465649
0.487804878048781	0	0.538461538461538	0.500000000000000	0.560606060606061
0.428571428571429	0.166666666666667	0	0.480000000000000	0.530612244897959
0.592592592592593	0.846153846153846	0.465116279069768	0	0.558139534883721
0.538461538461538	0.272727272727273	0.379310344827586	0.509090909090909	0